{
    "class_index_to_class_name": {
        "3": "BLACK",
        "1": "LIGHT_BLUE",
        "0": "BEIGE",
        "2": "DARK_BLUE",
        "4": "UNCLASSIFIED"
    },
    "unclassified_score_threshold": -99999,
    "gmm_weights": [
        0.21025641025641026,
        0.28376068376068375,
        0.2905982905982906,
        0.2153846153846154
    ],
    "gmm_means": [
        [
            71.1951219512195,
            108.83739837398375,
            117.95121951219512
        ],
        [
            31.09036144578313,
            231.80722891566265,
            96.15060240963855
        ],
        [
            31.605882352941176,
            186.84117647058824,
            66.11764705882354
        ],
        [
            67.44444444444444,
            127.58730158730158,
            51.51587301587302
        ]
    ],
    "gmm_covariances": [
        [
            [
                2.807456879436843,
                0.495141780686098,
                4.001388062661114
            ],
            [
                0.495141780686098,
                4.266244638046142,
                -3.5689073963910385
            ],
            [
                4.001388062661114,
                -3.5689073963910385,
                16.45290601685504
            ]
        ],
        [
            [
                0.8412333994774258,
                -1.1090869502104796,
                2.9984395412977225
            ],
            [
                -1.1090869502104796,
                4.336334284947021,
                -4.543257366816665
            ],
            [
                2.9984395412977225,
                -4.543257366816665,
                15.730331962403826
            ]
        ],
        [
            [
                1.2623193391003438,
                -3.6214186851211077,
                1.6698961937716266
            ],
            [
                -3.6214186851211077,
                15.804187851211065,
                -7.369550173010379
            ],
            [
                1.6698961937716266,
                -7.369550173010379,
                11.444983698961925
            ]
        ],
        [
            [
                0.37389870723104035,
                1.0008818342151662,
                0.22310405643738979
            ],
            [
                1.0008818342151662,
                8.48047467094986,
                -0.45376669186193
            ],
            [
                0.22310405643738979,
                -0.45376669186193,
                3.249749047367095
            ]
        ]
    ]
}
