{
    "class_index_to_class_name": {
        "0": "LIGHT_BLUE",
        "1": "BEIGE",
        "2": "BLACK",
        "3": "DARK_BLUE",
        "4": "UNCLASSIFIED"
    },
    "unclassified_score_threshold": -1e6,
    "gmm_weights": [
        0.23958333333333334,
        0.2604166666666667,
        0.2526041666666667,
        0.24739583333333334
    ],
    "gmm_means": [
        [
            32.48913043478261,
            214.2391304347826,
            148.7173913043478
        ],
        [
            68.33,
            79.23,
            168.39
        ],
        [
            64.9278350515464,
            111.49484536082474,
            82.54639175257732
        ],
        [
            31.694736842105264,
            173.31578947368422,
            110.02105263157895
        ]
    ],
    "gmm_covariances": [
        [
            [
                0.5542306786389405,
                0.30694706994328985,
                2.127362948960304
            ],
            [
                0.30694706994328985,
                16.594991548204124,
                3.5567107750472644
            ],
            [
                2.127362948960304,
                3.5567107750472644,
                17.85491593383742
            ]
        ],
        [
            [
                0.7811010000000036,
                0.26409999999999983,
                0.8013000000000001
            ],
            [
                0.26409999999999983,
                1.7771009999999954,
                -1.279700000000002
            ],
            [
                0.8013000000000001,
                -1.279700000000002,
                10.277901000000014
            ]
        ],
        [
            [
                0.2525251789775746,
                0.8810713146986927,
                0.029121054309703454
            ],
            [
                0.8810713146986927,
                7.899458965777441,
                1.9461154214050356
            ],
            [
                0.029121054309703454,
                1.9461154214050356,
                7.753003444468064
            ]
        ],
        [
            [
                0.4647101412742389,
                0.06481994459833797,
                1.469584487534628
            ],
            [
                0.06481994459833797,
                2.384488534626042,
                -0.7329639889196655
            ],
            [
                1.469584487534628,
                -0.7329639889196655,
                6.925873576177288
            ]
        ]
    ]
}